Module  Teeth Numbers 			 Radii Values 			 Angles
~~~~~~~~~~~~~~~~~~~~~~~~~~~~~~~~~~~~~~~~~~~~~~~~~~~~~~~~~~~~~~~~~~~~~~~~~~~~~~~~~~~~~~~~~~~~~~~~~~~~~~~~~~~~~~
5	20 59 13 97 14	124.934		50.0 147.5 32.5 242.5 35.0	80.15636752	13.86660486	85.97702762	280.952424
5	20 59 13 97 16	124.934		50.0 147.5 32.5 242.5 40.0	83.82182037	14.78227355	81.39590608	280.952424
5	20 67 14 92 13	124.919		50.0 167.5 35.0 230.0 32.5	67.3861078	13.73154121	98.88235099	280.95242399999995
5	20 67 14 92 15	124.919		50.0 167.5 35.0 230.0 37.5	71.93270246	14.93152275	93.13577479	280.952424
5	20 67 14 92 17	124.919		50.0 167.5 35.0 230.0 42.5	75.79767878	16.0043889	88.19793231	280.952424
5	20 68 15 97 14	125.076		50.0 170.0 37.5 242.5 35.0	79.84262727	14.90200057	85.25537216	280.952424
5	20 68 15 97 16	125.076		50.0 170.0 37.5 242.5 40.0	83.22907963	15.80849558	80.96242479	280.95242399999995
5	20 68 15 97 18	125.076		50.0 170.0 37.5 242.5 45.0	86.1851413	16.63780918	77.17704951	280.952424
5	20 69 13 83 14	124.847		50.0 172.5 32.5 207.5 35.0	49.39736499	12.20061154	118.40202347	280.95242399999995
5	20 69 13 83 16	124.847		50.0 172.5 32.5 207.5 40.0	55.73866675	14.01050168	110.25083157	280.95242399999995
5	20 70 14 88 13	125.0		50.0 175.0 35.0 220.0 32.5	58.64757728	13.19656622	108.1558565	280.95242399999995
5	20 70 14 88 15	125.0		50.0 175.0 35.0 220.0 37.5	63.95953284	14.65340725	101.38705991	280.95242399999995
5	20 70 14 88 17	125.0		50.0 175.0 35.0 220.0 42.5	68.39530992	15.93201356	95.67267652	280.95242399999995
5	20 71 15 93 14	124.943		50.0 177.5 37.5 232.5 35.0	71.93270246	14.93152275	93.13577479	280.952424
5	20 71 15 93 16	124.943		50.0 177.5 37.5 232.5 40.0	75.79767878	16.0043889	88.19793231	280.952424
5	20 71 15 93 18	124.943		50.0 177.5 37.5 232.5 45.0	79.13984848	16.97609562	83.88405589	280.95242399999995
5	20 75 14 82 13	125.203		50.0 187.5 35.0 205.0 32.5	44.4316596	11.47637493	124.09196547	280.95242399999995
5	20 75 14 82 15	125.203		50.0 187.5 35.0 205.0 37.5	51.45649631	13.52291607	115.02058762	280.952424
5	20 75 14 82 17	125.203		50.0 187.5 35.0 205.0 42.5	57.05249563	15.23449744	107.71300693	280.95242399999995
5	20 75 16 94 13	124.823		50.0 187.5 40.0 235.0 32.5	71.93270246	14.93152275	93.13577479	280.952424
5	20 75 16 94 15	124.823		50.0 187.5 40.0 235.0 37.5	75.79767878	16.0043889	88.19793231	280.952424
5	20 75 16 94 17	124.823		50.0 187.5 40.0 235.0 42.5	79.13984848	16.97609562	83.88405589	280.95242399999995
5	20 75 16 94 19	124.823		50.0 187.5 40.0 235.0 47.5	82.0687352	17.86478486	80.06647994	280.952424
5	20 76 15 87 14	124.773		50.0 190.0 37.5 217.5 35.0	59.89403487	14.38254625	105.72341887	280.95242399999995
5	20 76 15 87 16	124.773		50.0 190.0 37.5 217.5 40.0	64.66529466	15.78477529	99.54993004	280.95242399999995
5	20 76 15 87 18	124.773		50.0 190.0 37.5 217.5 45.0	68.70666886	17.02749189	94.26583926	280.952424
5	20 77 14 80 13	125.0		50.0 192.5 35.0 200.0 32.5	39.10017136	10.55038431	130.34944434	280.95242399999995
5	20 77 14 80 15	125.0		50.0 192.5 35.0 200.0 37.5	46.99818046	12.89991847	120.10190107	280.95242399999995
5	20 77 14 80 17	125.0		50.0 192.5 35.0 200.0 42.5	53.12074529	14.81143941	112.06781531	280.95242399999995
5	20 79 14 78 13	124.959		50.0 197.5 35.0 195.0 32.5	33.20831784	9.35202659	137.43965557	280.952424
5	20 79 14 78 15	124.959		50.0 197.5 35.0 195.0 37.5	42.2935256	12.11286196	125.59361244	280.95242399999995
5	20 79 14 78 17	124.959		50.0 197.5 35.0 195.0 42.5	49.06194347	14.27078945	116.66726708	280.95242399999995
5	20 80 16 88 13	125.0		50.0 200.0 40.0 220.0 32.5	59.89403487	14.38254625	105.72341887	280.95242399999995
5	20 80 16 88 15	125.0		50.0 200.0 40.0 220.0 37.5	64.66529466	15.78477529	99.54993004	280.95242399999995
5	20 80 16 88 17	125.0		50.0 200.0 40.0 220.0 42.5	68.70666886	17.02749189	94.26583926	280.952424
5	20 80 16 88 19	125.0		50.0 200.0 40.0 220.0 47.5	72.19480669	18.14573933	89.65945398	280.952424
5	20 81 14 76 13	125.081		50.0 202.5 35.0 190.0 32.5	26.3619508	7.74178392	145.89626528	280.952424
5	20 81 14 76 15	125.081		50.0 202.5 35.0 190.0 37.5	37.23453578	11.11783498	131.64762924	280.952424
5	20 81 14 76 17	125.081		50.0 202.5 35.0 190.0 42.5	44.82959944	13.59163625	121.57876432	280.95242399999995
5	20 82 16 86 13	124.787		50.0 205.0 40.0 215.0 32.5	55.73866675	14.01050168	110.25083157	280.95242399999995
5	20 82 16 86 15	124.787		50.0 205.0 40.0 215.0 37.5	60.89169768	15.55515521	103.55314711	280.95242399999995
5	20 82 16 86 17	124.787		50.0 205.0 40.0 215.0 42.5	65.2140754	16.91030832	97.87561627	280.952424
5	20 82 16 86 19	124.787		50.0 205.0 40.0 215.0 47.5	68.91946099	18.12102781	92.9595112	280.95242399999995
5	20 83 13 69 16	124.847		50.0 207.5 32.5 172.5 40.0	16.62940306	5.60316778	157.76742916	280.95242399999995
5	20 84 17 89 14	125.067		50.0 210.0 42.5 222.5 35.0	64.66529466	15.78477529	99.54993004	280.95242399999995
5	20 84 17 89 16	125.067		50.0 210.0 42.5 222.5 40.0	68.70666886	17.02749189	94.26583926	280.952424
5	20 84 17 89 18	125.067		50.0 210.0 42.5 222.5 45.0	72.19480669	18.14573933	89.65945398	280.952424
5	20 84 17 89 20	125.067		50.0 210.0 42.5 222.5 50.0	75.24883368	19.16329203	85.58787429	280.95242399999995
5	20 86 16 82 13	124.787		50.0 215.0 40.0 205.0 32.5	46.99818046	12.89991847	120.10190107	280.95242399999995
5	20 86 16 82 15	124.787		50.0 215.0 40.0 205.0 37.5	53.12074529	14.81143941	112.06781531	280.95242399999995
5	20 86 16 82 17	124.787		50.0 215.0 40.0 205.0 42.5	58.11838622	16.44214806	105.43946572	280.95242399999995
5	20 86 16 82 19	124.787		50.0 215.0 40.0 205.0 47.5	62.32694266	17.87222532	99.80083202	280.95242399999995
5	20 86 17 87 14	124.967		50.0 215.0 42.5 217.5 35.0	60.89169768	15.55515521	103.55314711	280.95242399999995
5	20 86 17 87 16	124.967		50.0 215.0 42.5 217.5 40.0	65.2140754	16.91030832	97.87561627	280.952424
5	20 86 17 87 18	124.967		50.0 215.0 42.5 217.5 45.0	68.91946099	18.12102781	92.9595112	280.95242399999995
5	20 86 17 87 20	124.967		50.0 215.0 42.5 217.5 50.0	72.14744721	19.21682252	88.63573028	280.952424
5	20 86 18 92 13	125.126		50.0 215.0 45.0 230.0 32.5	68.39530992	15.93201356	95.67267652	280.95242399999995
5	20 86 18 92 15	125.126		50.0 215.0 45.0 230.0 37.5	72.18299212	17.07476802	90.74223986	280.952424
5	20 86 18 92 17	125.126		50.0 215.0 45.0 230.0 42.5	75.47121523	18.10941794	86.41936683	280.952424
5	20 86 18 92 19	125.126		50.0 215.0 45.0 230.0 47.5	78.36286315	19.05535971	82.58177714	280.952424
5	20 86 18 92 21	125.126		50.0 215.0 45.0 230.0 52.5	80.9323443	19.92681614	79.14083955	280.95242399999995
5	20 88 14 70 15	125.0		50.0 220.0 35.0 175.0 37.5	16.62940306	5.60316778	157.76742916	280.95242399999995
5	20 88 14 70 17	125.0		50.0 220.0 35.0 175.0 42.5	30.20745638	10.32765392	139.46488969	280.95242399999995
5	20 88 15 75 14	125.0		50.0 220.0 37.5 187.5 35.0	31.63614659	9.84085082	138.52300259	280.95242399999995
5	20 88 15 75 16	125.0		50.0 220.0 37.5 187.5 40.0	40.35718943	12.74393548	126.89887509	280.95242399999995
5	20 88 15 75 18	125.0		50.0 220.0 37.5 187.5 45.0	46.88368036	15.01196614	118.10435351	280.95242399999995
5	20 88 16 80 13	125.0		50.0 220.0 40.0 200.0 32.5	42.2935256	12.11286196	125.59361244	280.95242399999995
5	20 88 16 80 15	125.0		50.0 220.0 40.0 200.0 37.5	49.06194347	14.27078945	116.66726708	280.95242399999995
5	20 88 16 80 17	125.0		50.0 220.0 40.0 200.0 42.5	54.47793715	16.0747396	109.44732325	280.952424
5	20 88 16 80 19	125.0		50.0 220.0 40.0 200.0 47.5	58.98428899	17.63721842	103.37849259	280.95242399999995
5	20 88 17 85 14	125.0		50.0 220.0 42.5 212.5 35.0	57.05249563	15.23449744	107.71300693	280.95242399999995
5	20 88 17 85 16	125.0		50.0 220.0 42.5 212.5 40.0	61.69033289	16.71759114	101.59207597	280.95242399999995
5	20 88 17 85 18	125.0		50.0 220.0 42.5 212.5 45.0	65.63416963	18.03146719	96.33436318	280.952424
5	20 88 17 85 20	125.0		50.0 220.0 42.5 212.5 50.0	69.04998451	19.21330895	91.73670654	280.952424
5	20 88 18 90 13	125.0		50.0 220.0 45.0 225.0 32.5	64.66529466	15.78477529	99.54993004	280.95242399999995
5	20 88 18 90 15	125.0		50.0 220.0 45.0 225.0 37.5	68.70666886	17.02749189	94.26583926	280.952424
5	20 88 18 90 17	125.0		50.0 220.0 45.0 225.0 42.5	72.19480669	18.14573933	89.65945398	280.952424
5	20 88 18 90 19	125.0		50.0 220.0 45.0 225.0 47.5	75.24883368	19.16329203	85.58787429	280.95242399999995
5	20 88 18 90 21	125.0		50.0 220.0 45.0 225.0 52.5	77.95330238	20.09720171	81.94949591	280.952424
5	20 90 17 83 14	125.167		50.0 225.0 42.5 207.5 35.0	53.12074529	14.81143941	112.06781531	280.95242399999995
5	20 90 17 83 16	125.167		50.0 225.0 42.5 207.5 40.0	58.11838622	16.44214806	105.43946572	280.95242399999995
5	20 90 17 83 18	125.167		50.0 225.0 42.5 207.5 45.0	62.32694266	17.87222532	99.80083202	280.95242399999995
5	20 90 17 83 20	125.167		50.0 225.0 42.5 207.5 50.0	65.94733011	19.14939139	94.9032785	280.95242399999995
5	20 90 18 88 13	125.0		50.0 225.0 45.0 220.0 32.5	60.89169768	15.55515521	103.55314711	280.95242399999995
5	20 90 18 88 15	125.0		50.0 225.0 45.0 220.0 37.5	65.2140754	16.91030832	97.87561627	280.952424
5	20 90 18 88 17	125.0		50.0 225.0 45.0 220.0 42.5	68.91946099	18.12102781	92.9595112	280.95242399999995
5	20 90 18 88 19	125.0		50.0 225.0 45.0 220.0 47.5	72.14744721	19.21682252	88.63573028	280.952424
5	20 90 18 88 21	125.0		50.0 225.0 45.0 220.0 52.5	74.99493706	20.21832273	84.7867402	280.95242399999995
5	20 90 19 93 14	124.851		50.0 225.0 47.5 232.5 35.0	72.18299212	17.07476802	90.74223986	280.952424
5	20 90 19 93 16	124.851		50.0 225.0 47.5 232.5 40.0	75.47121523	18.10941794	86.41936683	280.952424
5	20 90 19 93 18	124.851		50.0 225.0 47.5 232.5 45.0	78.36286315	19.05535971	82.58177714	280.952424
5	20 90 19 93 20	124.851		50.0 225.0 47.5 232.5 50.0	80.9323443	19.92681614	79.14083955	280.95242399999995
5	20 90 19 93 22	124.851		50.0 225.0 47.5 232.5 55.0	83.23530507	20.73460339	76.03009154	280.952424
5	20 92 18 86 13	125.126		50.0 230.0 45.0 215.0 32.5	57.05249563	15.23449744	107.71300693	280.95242399999995
5	20 92 18 86 15	125.126		50.0 230.0 45.0 215.0 37.5	61.69033289	16.71759114	101.59207597	280.95242399999995
5	20 92 18 86 17	125.126		50.0 230.0 45.0 215.0 42.5	65.63416963	18.03146719	96.33436318	280.952424
5	20 92 18 86 19	125.126		50.0 230.0 45.0 215.0 47.5	69.04998451	19.21330895	91.73670654	280.952424
5	20 92 18 86 21	125.126		50.0 230.0 45.0 215.0 52.5	72.04997666	20.28834618	87.66167716	280.95242399999995
5	20 92 19 91 14	124.821		50.0 230.0 47.5 227.5 35.0	68.70666886	17.02749189	94.26583926	280.952424
5	20 92 19 91 16	124.821		50.0 230.0 47.5 227.5 40.0	72.19480669	18.14573933	89.65945398	280.952424
5	20 92 19 91 18	124.821		50.0 230.0 47.5 227.5 45.0	75.24883368	19.16329203	85.58787429	280.95242399999995
5	20 92 19 91 20	124.821		50.0 230.0 47.5 227.5 50.0	77.95330238	20.09720171	81.94949591	280.952424
5	20 92 19 91 22	124.821		50.0 230.0 47.5 227.5 55.0	80.37056077	20.96021701	78.66922222	280.952424
5	20 93 15 71 14	124.943		50.0 232.5 37.5 177.5 35.0	16.62940306	5.60316778	157.76742916	280.95242399999995
5	20 93 15 71 16	124.943		50.0 232.5 37.5 177.5 40.0	30.20745638	10.32765392	139.46488969	280.95242399999995
5	20 93 15 71 18	124.943		50.0 232.5 37.5 177.5 45.0	38.58969157	13.37208925	128.03821918	280.952424
5	20 94 19 89 14	124.91		50.0 235.0 47.5 222.5 35.0	65.2140754	16.91030832	97.87561627	280.952424
5	20 94 19 89 16	124.91		50.0 235.0 47.5 222.5 40.0	68.91946099	18.12102781	92.9595112	280.95242399999995
5	20 94 19 89 18	124.91		50.0 235.0 47.5 222.5 45.0	72.14744721	19.21682252	88.63573028	280.952424
5	20 94 19 89 20	124.91		50.0 235.0 47.5 222.5 50.0	74.99493706	20.21832273	84.7867402	280.95242399999995
5	20 94 19 89 22	124.91		50.0 235.0 47.5 222.5 55.0	77.53222593	21.14065756	81.32711651	280.95242399999995
5	20 95 16 74 13	125.178		50.0 237.5 40.0 185.0 32.5	25.12283118	8.13581627	146.74135256	280.95242399999995
5	20 95 16 74 15	125.178		50.0 237.5 40.0 185.0 37.5	35.5419696	11.68172676	132.77630364	280.952424
5	20 95 16 74 17	125.178		50.0 237.5 40.0 185.0 42.5	42.85338308	14.27869078	122.86792614	280.952424
5	20 95 16 74 19	125.178		50.0 237.5 40.0 185.0 47.5	48.56929527	16.38954783	115.04115691	280.95242399999995
5	20 96 19 87 14	125.12		50.0 240.0 47.5 217.5 35.0	61.69033289	16.71759114	101.59207597	280.95242399999995
5	20 96 19 87 16	125.12		50.0 240.0 47.5 217.5 40.0	65.63416963	18.03146719	96.33436318	280.952424
5	20 96 19 87 18	125.12		50.0 240.0 47.5 217.5 45.0	69.04998451	19.21330895	91.73670654	280.952424
5	20 96 19 87 20	125.12		50.0 240.0 47.5 217.5 50.0	72.04997666	20.28834618	87.66167716	280.95242399999995
5	20 96 19 87 22	125.12		50.0 240.0 47.5 217.5 55.0	74.71399389	21.27467646	84.01132965	280.95242399999995
5	20 97 17 77 14	125.184		50.0 242.5 42.5 192.5 35.0	40.35718943	12.74393548	126.89887509	280.95242399999995
5	20 97 17 77 16	125.184		50.0 242.5 42.5 192.5 40.0	46.88368036	15.01196614	118.10435351	280.95242399999995
5	20 97 17 77 18	125.184		50.0 242.5 42.5 192.5 45.0	52.12671937	16.90709638	110.96618424	280.95242399999995
5	20 97 17 77 20	125.184		50.0 242.5 42.5 192.5 50.0	56.50439101	18.54783574	104.94777326	280.95242399999995
5	20 99 18 80 13	125.0		50.0 247.5 45.0 200.0 32.5	44.82959944	13.59163625	121.57876432	280.95242399999995
5	20 99 18 80 15	125.0		50.0 247.5 45.0 200.0 37.5	50.74385695	15.60334104	113.65280201	280.95242399999995
5	20 99 18 80 17	125.0		50.0 247.5 45.0 200.0 42.5	55.59051427	17.31876854	107.09071719	280.95242399999995
5	20 99 18 80 19	125.0		50.0 247.5 45.0 200.0 47.5	59.68616324	18.82251336	101.4913234	280.95242399999995
5	20 99 18 80 21	125.0		50.0 247.5 45.0 200.0 52.5	63.22037041	20.16493197	96.61469762	280.952424
5	20 100 20 88 15	125.0		50.0 250.0 50.0 220.0 37.5	65.63416963	18.03146719	96.33436318	280.952424
5	20 100 20 88 17	125.0		50.0 250.0 50.0 220.0 42.5	69.04998451	19.21330895	91.73670654	280.952424
5	20 100 20 88 19	125.0		50.0 250.0 50.0 220.0 47.5	72.04997666	20.28834618	87.66167716	280.95242399999995
5	20 100 20 88 21	125.0		50.0 250.0 50.0 220.0 52.5	74.71399389	21.27467646	84.01132965	280.95242399999995
5	20 100 20 88 23	125.0		50.0 250.0 50.0 220.0 57.5	77.10107781	22.18583148	80.71309071	280.95242400000006
5	20 104 21 89 16	124.784		50.0 260.0 52.5 222.5 40.0	69.04998451	19.21330895	91.73670654	280.952424
5	20 104 21 89 18	124.784		50.0 260.0 52.5 222.5 45.0	72.04997666	20.28834618	87.66167716	280.95242399999995
5	20 104 21 89 20	124.784		50.0 260.0 52.5 222.5 50.0	74.71399389	21.27467646	84.01132965	280.95242399999995
5	20 104 21 89 22	124.784		50.0 260.0 52.5 222.5 55.0	77.10107781	22.18583148	80.71309071	280.95242400000006
5	20 104 21 89 24	124.784		50.0 260.0 52.5 222.5 60.0	79.25620045	23.03225965	77.71153989	280.95242399999995
5	20 106 19 79 14	124.791		50.0 265.0 47.5 197.5 35.0	46.88368036	15.01196614	118.10435351	280.95242399999995
5	20 106 19 79 16	124.791		50.0 265.0 47.5 197.5 40.0	52.12671937	16.90709638	110.96618424	280.95242399999995
5	20 106 19 79 18	124.791		50.0 265.0 47.5 197.5 45.0	56.50439101	18.54783574	104.94777326	280.95242399999995
5	20 106 19 79 20	124.791		50.0 265.0 47.5 197.5 50.0	60.25158426	20.00018148	99.74823425	280.95242399999995
5	20 106 19 79 22	124.791		50.0 265.0 47.5 197.5 55.0	63.51623771	21.30555163	95.17821066	280.95242399999995
5	20 106 21 87 16	125.244		50.0 265.0 52.5 217.5 40.0	65.94733011	19.14939139	94.9032785	280.95242399999995
5	20 106 21 87 18	125.244		50.0 265.0 52.5 217.5 45.0	69.11106507	20.30489734	90.5840376	280.95242399999995
5	20 106 21 87 20	125.244		50.0 265.0 52.5 217.5 50.0	71.90965047	21.36059419	86.72975533	280.95242399999995
5	20 106 21 87 22	125.244		50.0 265.0 52.5 217.5 55.0	74.40962694	22.33250787	83.25786519	280.95242399999995
5	20 106 21 87 24	125.244		50.0 265.0 52.5 217.5 60.0	76.661036	23.23282743	80.10613657	280.95242399999995
5	20 107 18 74 13	125.032		50.0 267.5 45.0 185.0 32.5	30.20745638	10.32765392	139.46488969	280.95242399999995
5	20 107 18 74 15	125.032		50.0 267.5 45.0 185.0 37.5	38.58969157	13.37208925	128.03821918	280.952424
5	20 107 18 74 17	125.032		50.0 267.5 45.0 185.0 42.5	44.88753332	15.74936486	119.36310182	280.952424
5	20 107 18 74 19	125.032		50.0 267.5 45.0 185.0 47.5	49.96457934	17.73483541	112.30058525	280.95242399999995
5	20 107 18 74 21	125.032		50.0 267.5 45.0 185.0 52.5	54.21684395	19.45300793	106.33014812	280.952424
5	20 110 16 64 17	125.0		50.0 275.0 40.0 160.0 42.5	15.20541922	6.13405153	158.66052925	280.952424
5	20 110 16 64 19	125.0		50.0 275.0 40.0 160.0 47.5	27.69397114	11.30188717	141.0041417	280.95242399999995
5	20 110 18 72 13	125.0		50.0 275.0 45.0 180.0 32.5	23.99505392	8.52902932	147.47591676	280.952424
5	20 110 18 72 15	125.0		50.0 275.0 45.0 180.0 37.5	33.99459447	12.24415529	133.76125024	280.95242399999995
5	20 110 18 72 17	125.0		50.0 275.0 45.0 180.0 42.5	41.03958708	14.96362393	123.99678899	280.95242399999995
5	20 110 18 72 19	125.0		50.0 275.0 45.0 180.0 47.5	46.56650994	17.17295652	116.26053354	280.95242399999995
5	20 110 18 72 21	125.0		50.0 275.0 45.0 180.0 52.5	51.12572321	19.05515685	109.81911993	280.952424
5	20 110 20 80 15	125.0		50.0 275.0 50.0 200.0 37.5	52.12671937	16.90709638	110.96618424	280.95242399999995
5	20 110 20 80 17	125.0		50.0 275.0 50.0 200.0 42.5	56.50439101	18.54783574	104.94777326	280.95242399999995
5	20 110 20 80 19	125.0		50.0 275.0 50.0 200.0 47.5	60.25158426	20.00018148	99.74823425	280.95242399999995
5	20 110 20 80 21	125.0		50.0 275.0 50.0 200.0 52.5	63.51623771	21.30555163	95.17821066	280.95242399999995
5	20 110 20 80 23	125.0		50.0 275.0 50.0 200.0 57.5	66.39868246	22.49205727	91.10926027	280.95242399999995
5	20 110 22 88 17	125.0		50.0 275.0 55.0 220.0 42.5	69.11106507	20.30489734	90.5840376	280.95242399999995
5	20 110 22 88 19	125.0		50.0 275.0 55.0 220.0 47.5	71.90965047	21.36059419	86.72975533	280.95242399999995
5	20 110 22 88 21	125.0		50.0 275.0 55.0 220.0 52.5	74.40962694	22.33250787	83.25786519	280.95242399999995
5	20 110 22 88 23	125.0		50.0 275.0 55.0 220.0 57.5	76.661036	23.23282743	80.10613657	280.95242399999995
5	20 110 22 88 25	125.0		50.0 275.0 55.0 220.0 62.5	78.70252065	24.07109273	77.22638661	280.95242399999995
5	20 113 18 70 13	125.158		50.0 282.5 45.0 175.0 32.5	15.88696083	5.86819553	158.24484363	280.952424
5	20 113 18 70 15	125.158		50.0 282.5 45.0 175.0 37.5	28.89942665	10.81414874	140.28642461	280.95242399999995
5	20 113 18 70 17	125.158		50.0 282.5 45.0 175.0 42.5	36.96510676	13.99952083	129.03537242	280.95242399999995
5	20 113 18 70 19	125.158		50.0 282.5 45.0 175.0 47.5	43.04640229	16.48555193	120.46804578	280.952424
5	20 113 18 70 21	125.158		50.0 282.5 45.0 175.0 52.5	47.96415945	18.56082365	113.47501691	280.95242399999995
5	20 113 20 78 15	124.801		50.0 282.5 50.0 195.0 37.5	48.56929527	16.38954783	115.04115691	280.95242399999995
5	20 113 20 78 17	124.801		50.0 282.5 50.0 195.0 42.5	53.26977235	18.18870702	108.54152063	280.95242399999995
5	20 113 20 78 19	124.801		50.0 282.5 50.0 195.0 47.5	57.25424367	19.76516495	102.98059138	280.95242399999995
5	20 113 20 78 21	124.801		50.0 282.5 50.0 195.0 52.5	60.70209733	21.17190862	98.12599405	280.95242399999995
5	20 113 20 78 23	124.801		50.0 282.5 50.0 195.0 57.5	63.73104902	22.44364929	93.82530169	280.95242399999995
5	20 114 21 81 16	125.081		50.0 285.0 52.5 202.5 40.0	56.50439101	18.54783574	104.94777326	280.95242399999995
5	20 114 21 81 18	125.081		50.0 285.0 52.5 202.5 45.0	60.25158426	20.00018148	99.74823425	280.95242399999995
5	20 114 21 81 20	125.081		50.0 285.0 52.5 202.5 50.0	63.51623771	21.30555163	95.17821066	280.95242399999995
5	20 114 21 81 22	125.081		50.0 285.0 52.5 202.5 55.0	66.39868246	22.49205727	91.10926027	280.95242399999995
5	20 114 21 81 24	125.081		50.0 285.0 52.5 202.5 60.0	68.97059261	23.57986735	87.44954004	280.95242399999995
5	20 115 17 65 16	125.084		50.0 287.5 42.5 162.5 40.0	15.20541922	6.13405153	158.66052925	280.952424
5	20 115 17 65 18	125.084		50.0 287.5 42.5 162.5 45.0	27.69397114	11.30188717	141.0041417	280.95242399999995
5	20 115 17 65 20	125.084		50.0 287.5 42.5 162.5 50.0	35.46271028	14.62821595	129.90907378	280.95242399999995
5	20 116 20 76 15	124.773		50.0 290.0 50.0 190.0 37.5	44.88753332	15.74936486	119.36310182	280.952424
5	20 116 20 76 17	124.773		50.0 290.0 50.0 190.0 42.5	49.96457934	17.73483541	112.30058525	280.95242399999995
5	20 116 20 76 19	124.773		50.0 290.0 50.0 190.0 47.5	54.21684395	19.45300793	106.33014812	280.952424
5	20 116 20 76 21	124.773		50.0 290.0 50.0 190.0 52.5	57.86684012	20.97323433	101.15992555	280.952424
5	20 116 20 76 23	124.773		50.0 290.0 50.0 190.0 57.5	61.05480686	22.33904573	96.60614741	280.95242399999995
5	20 117 21 79 16	124.959		50.0 292.5 52.5 197.5 40.0	53.26977235	18.18870702	108.54152063	280.95242399999995
5	20 117 21 79 18	124.959		50.0 292.5 52.5 197.5 45.0	57.25424367	19.76516495	102.98059138	280.95242399999995
5	20 117 21 79 20	124.959		50.0 292.5 52.5 197.5 50.0	60.70209733	21.17190862	98.12599405	280.95242399999995
5	20 117 21 79 22	124.959		50.0 292.5 52.5 197.5 55.0	63.73104902	22.44364929	93.82530169	280.95242399999995
5	20 117 21 79 24	124.959		50.0 292.5 52.5 197.5 60.0	66.42325904	23.60466367	89.97207729	280.95242399999995
5	20 118 22 82 17	125.052		50.0 295.0 55.0 205.0 42.5	60.25158426	20.00018148	99.74823425	280.95242399999995
5	20 118 22 82 19	125.052		50.0 295.0 55.0 205.0 47.5	63.51623771	21.30555163	95.17821066	280.95242399999995
5	20 118 22 82 21	125.052		50.0 295.0 55.0 205.0 52.5	66.39868246	22.49205727	91.10926027	280.95242399999995
5	20 118 22 82 23	125.052		50.0 295.0 55.0 205.0 57.5	68.97059261	23.57986735	87.44954004	280.95242399999995
5	20 118 22 82 25	125.052		50.0 295.0 55.0 205.0 62.5	71.28518464	24.58406483	84.13075054	280.952424
5	20 119 20 74 15	124.915		50.0 297.5 50.0 185.0 37.5	41.03958708	14.96362393	123.99678899	280.95242399999995
5	20 119 20 74 17	124.915		50.0 297.5 50.0 185.0 42.5	46.56650994	17.17295652	116.26053354	280.95242399999995
5	20 119 20 74 19	124.915		50.0 297.5 50.0 185.0 47.5	51.12572321	19.05515685	109.81911993	280.952424
5	20 119 20 74 21	124.915		50.0 297.5 50.0 185.0 52.5	55.0012289	20.70362864	104.29514246	280.95242399999995
5	20 119 20 74 23	124.915		50.0 297.5 50.0 185.0 57.5	58.36322449	22.17399391	99.46278161	280.95242399999995
5	20 119 23 85 18	125.062		50.0 297.5 57.5 212.5 45.0	66.31740003	21.37900704	92.30359293	280.952424
5	20 119 23 85 20	125.062		50.0 297.5 57.5 212.5 50.0	69.06386257	22.48780335	88.44833408	280.952424
5	20 119 23 85 22	125.062		50.0 297.5 57.5 212.5 55.0	71.52286583	23.50823862	84.96889555	280.952424
5	20 119 23 85 24	125.062		50.0 297.5 57.5 212.5 60.0	73.74196926	24.45318109	81.80484964	280.95242399999995
5	20 119 23 85 26	125.062		50.0 297.5 57.5 212.5 65.0	75.75797795	25.33270265	78.9093194	280.95242399999995
5	20 120 18 66 15	125.0		50.0 300.0 45.0 165.0 37.5	15.20541922	6.13405153	158.66052925	280.952424
5	20 120 18 66 17	125.0		50.0 300.0 45.0 165.0 42.5	27.69397114	11.30188717	141.0041417	280.95242399999995
5	20 120 18 66 19	125.0		50.0 300.0 45.0 165.0 47.5	35.46271028	14.62821595	129.90907378	280.95242399999995
5	20 120 18 66 21	125.0		50.0 300.0 45.0 165.0 52.5	41.33846478	17.22284038	121.43869484	280.952424
5	20 120 21 77 16	125.0		50.0 300.0 52.5 192.5 40.0	49.96457934	17.73483541	112.30058525	280.95242399999995
5	20 120 21 77 18	125.0		50.0 300.0 52.5 192.5 45.0	54.21684395	19.45300793	106.33014812	280.952424
5	20 120 21 77 20	125.0		50.0 300.0 52.5 192.5 50.0	57.86684012	20.97323433	101.15992555	280.952424
5	20 120 21 77 22	125.0		50.0 300.0 52.5 192.5 55.0	61.05480686	22.33904573	96.60614741	280.95242399999995
5	20 120 21 77 24	125.0		50.0 300.0 52.5 192.5 60.0	63.87595624	23.57999177	92.54405199	280.95242399999995
5	20 120 24 88 19	125.0		50.0 300.0 60.0 220.0 47.5	71.73234437	22.43381678	85.83383885	280.952424
5	20 120 24 88 21	125.0		50.0 300.0 60.0 220.0 52.5	74.0848022	23.39196291	82.52323489	280.952424
5	20 120 24 88 23	125.0		50.0 300.0 60.0 220.0 57.5	76.2130689	24.28174958	79.50518152	280.95242399999995
5	20 120 24 88 25	125.0		50.0 300.0 60.0 220.0 62.5	78.15057508	25.11192995	76.73749497	280.95242399999995
5	20 120 24 88 27	125.0		50.0 300.0 60.0 220.0 67.5	79.92397152	25.88958467	74.18644381	280.952424
5	20 121 19 69 14	125.165		50.0 302.5 47.5 172.5 35.0	22.96111515	8.92274172	148.11614313	280.95242399999995
5	20 121 19 69 16	125.165		50.0 302.5 47.5 172.5 40.0	32.57039443	12.80699336	134.62261221	280.95242399999995
5	20 121 19 69 18	125.165		50.0 302.5 47.5 172.5 45.0	39.36436474	15.64870162	124.98693364	280.95242399999995
5	20 121 19 69 20	125.165		50.0 302.5 47.5 172.5 50.0	44.71099882	17.95614345	117.33285773	280.952424
5	20 121 19 69 22	125.165		50.0 302.5 47.5 172.5 55.0	49.13380835	19.9209519	110.94523976	280.95242399999995
5	20 121 22 80 17	125.0		50.0 302.5 55.0 200.0 42.5	57.25424367	19.76516495	102.98059138	280.95242399999995
5	20 121 22 80 19	125.0		50.0 302.5 55.0 200.0 47.5	60.70209733	21.17190862	98.12599405	280.95242399999995
5	20 121 22 80 21	125.0		50.0 302.5 55.0 200.0 52.5	63.73104902	22.44364929	93.82530169	280.95242399999995
5	20 121 22 80 23	125.0		50.0 302.5 55.0 200.0 57.5	66.42325904	23.60466367	89.97207729	280.95242399999995
5	20 121 22 80 25	125.0		50.0 302.5 55.0 200.0 62.5	68.83868897	24.67276018	86.48855084	280.952424
5	20 122 20 72 15	125.228		50.0 305.0 50.0 180.0 37.5	36.96510676	13.99952083	129.03537242	280.95242399999995
5	20 122 20 72 17	125.228		50.0 305.0 50.0 180.0 42.5	43.04640229	16.48555193	120.46804578	280.952424
5	20 122 20 72 19	125.228		50.0 305.0 50.0 180.0 47.5	47.96415945	18.56082365	113.47501691	280.95242399999995
5	20 122 20 72 21	125.228		50.0 305.0 50.0 180.0 52.5	52.0945072	20.3558565	107.5496363	280.95242399999995
5	20 122 20 72 23	125.228		50.0 305.0 50.0 180.0 57.5	55.6487715	21.9433679	102.4078606	280.95242399999995
5	20 122 23 83 18	124.926		50.0 305.0 57.5 207.5 45.0	63.51623771	21.30555163	95.17821066	280.95242399999995
5	20 122 23 83 20	124.926		50.0 305.0 57.5 207.5 50.0	66.39868246	22.49205727	91.10926027	280.95242399999995
5	20 122 23 83 22	124.926		50.0 305.0 57.5 207.5 55.0	68.97059261	23.57986735	87.44954004	280.95242399999995
5	20 122 23 83 24	124.926		50.0 305.0 57.5 207.5 60.0	71.28518464	24.58406483	84.13075054	280.952424
5	20 122 23 83 26	124.926		50.0 305.0 57.5 207.5 65.0	73.38316704	25.51629724	81.10053572	280.95242399999995
5	20 123 21 75 16	125.203		50.0 307.5 52.5 187.5 40.0	46.56650994	17.17295652	116.26053354	280.95242399999995
5	20 123 21 75 18	125.203		50.0 307.5 52.5 187.5 45.0	51.12572321	19.05515685	109.81911993	280.952424
5	20 123 21 75 20	125.203		50.0 307.5 52.5 187.5 50.0	55.0012289	20.70362864	104.29514246	280.95242399999995
5	20 123 21 75 22	125.203		50.0 307.5 52.5 187.5 55.0	58.36322449	22.17399391	99.46278161	280.95242399999995
5	20 123 21 75 24	125.203		50.0 307.5 52.5 187.5 60.0	61.32348008	23.50269612	95.1738238	280.95242399999995
5	20 123 24 86 19	124.787		50.0 307.5 60.0 215.0 47.5	69.06386257	22.48780335	88.44833408	280.952424
5	20 123 24 86 21	124.787		50.0 307.5 60.0 215.0 52.5	71.52286583	23.50823862	84.96889555	280.952424
5	20 123 24 86 23	124.787		50.0 307.5 60.0 215.0 57.5	73.74196926	24.45318109	81.80484964	280.95242399999995
5	20 123 24 86 25	124.787		50.0 307.5 60.0 215.0 62.5	75.75797795	25.33270265	78.9093194	280.95242399999995
5	20 123 24 86 27	124.787		50.0 307.5 60.0 215.0 67.5	77.59999195	26.15487027	76.24513778	280.952424
5	20 124 22 78 17	125.103		50.0 310.0 55.0 195.0 42.5	54.21684395	19.45300793	106.33014812	280.952424
5	20 124 22 78 19	125.103		50.0 310.0 55.0 195.0 47.5	57.86684012	20.97323433	101.15992555	280.952424
5	20 124 22 78 21	125.103		50.0 310.0 55.0 195.0 52.5	61.05480686	22.33904573	96.60614741	280.95242399999995
5	20 124 22 78 23	125.103		50.0 310.0 55.0 195.0 57.5	63.87595624	23.57999177	92.54405199	280.95242399999995
5	20 124 22 78 25	125.103		50.0 310.0 55.0 195.0 62.5	66.39839743	24.71727594	88.88432663	280.952424
5	20 125 19 67 14	124.776		50.0 312.5 47.5 167.5 35.0	15.20541922	6.13405153	158.66052925	280.952424
5	20 125 19 67 16	124.776		50.0 312.5 47.5 167.5 40.0	27.69397114	11.30188717	141.0041417	280.95242399999995
5	20 125 19 67 18	124.776		50.0 312.5 47.5 167.5 45.0	35.46271028	14.62821595	129.90907378	280.95242399999995
5	20 125 19 67 20	124.776		50.0 312.5 47.5 167.5 50.0	41.33846478	17.22284038	121.43869484	280.952424
5	20 125 19 67 22	124.776		50.0 312.5 47.5 167.5 55.0	46.10329261	19.38763896	114.50906843	280.952424
5	20 125 23 81 18	124.938		50.0 312.5 57.5 202.5 45.0	60.70209733	21.17190862	98.12599405	280.95242399999995
5	20 125 23 81 20	124.938		50.0 312.5 57.5 202.5 50.0	63.73104902	22.44364929	93.82530169	280.95242399999995
5	20 125 23 81 22	124.938		50.0 312.5 57.5 202.5 55.0	66.42325904	23.60466367	89.97207729	280.95242399999995
5	20 125 23 81 24	124.938		50.0 312.5 57.5 202.5 60.0	68.83868897	24.67276018	86.48855084	280.952424
5	20 125 23 81 26	124.938		50.0 312.5 57.5 202.5 65.0	71.02260593	25.66148549	83.31590859	280.95242399999995
5	20 127 17 59 20	124.783		50.0 317.5 42.5 147.5 50.0	21.12177156	9.71643541	149.16179303	280.952424
5	20 128 23 79 18	125.099		50.0 320.0 57.5 197.5 45.0	57.86684012	20.97323433	101.15992555	280.952424
5	20 128 23 79 20	125.099		50.0 320.0 57.5 197.5 50.0	61.05480686	22.33904573	96.60614741	280.95242399999995
5	20 128 23 79 22	125.099		50.0 320.0 57.5 197.5 55.0	63.87595624	23.57999177	92.54405199	280.95242399999995
5	20 128 23 79 24	125.099		50.0 320.0 57.5 197.5 60.0	66.39839743	24.71727594	88.88432663	280.952424
5	20 128 23 79 26	125.099		50.0 320.0 57.5 197.5 65.0	68.67277728	25.76675617	85.56046655	280.95242399999995
5	20 129 24 82 19	124.787		50.0 322.5 60.0 205.0 47.5	63.73104902	22.44364929	93.82530169	280.95242399999995
5	20 129 24 82 21	124.787		50.0 322.5 60.0 205.0 52.5	66.42325904	23.60466367	89.97207729	280.95242399999995
5	20 129 24 82 23	124.787		50.0 322.5 60.0 205.0 57.5	68.83868897	24.67276018	86.48855084	280.952424
5	20 129 24 82 25	124.787		50.0 322.5 60.0 205.0 62.5	71.02260593	25.66148549	83.31590859	280.95242399999995
5	20 129 24 82 27	124.787		50.0 322.5 60.0 205.0 67.5	73.01010448	26.58144285	80.40845267	280.952424
5	20 130 21 71 16	125.135		50.0 325.0 52.5 177.5 40.0	39.36436474	15.64870162	124.98693364	280.95242399999995
5	20 130 21 71 18	125.135		50.0 325.0 52.5 177.5 45.0	44.71099882	17.95614345	117.33285773	280.952424
5	20 130 21 71 20	125.135		50.0 325.0 52.5 177.5 50.0	49.13380835	19.9209519	110.94523976	280.95242399999995
5	20 130 21 71 22	125.135		50.0 325.0 52.5 177.5 55.0	52.90282551	21.64095845	105.45621604	280.95242399999995
5	20 130 21 71 24	125.135		50.0 325.0 52.5 177.5 60.0	56.17989651	23.17443388	100.64566961	280.95242399999995
5	20 131 17 57 20	125.218		50.0 327.5 42.5 142.5 50.0	13.99096894	6.6713841	159.33764696	280.952424
5	20 131 22 74 17	124.819		50.0 327.5 55.0 185.0 42.5	47.96415945	18.56082365	113.47501691	280.95242399999995
5	20 131 22 74 19	124.819		50.0 327.5 55.0 185.0 47.5	52.0945072	20.3558565	107.5496363	280.95242399999995
5	20 131 22 74 21	124.819		50.0 327.5 55.0 185.0 52.5	55.6487715	21.9433679	102.4078606	280.95242399999995
5	20 131 22 74 23	124.819		50.0 327.5 55.0 185.0 57.5	58.76020005	23.36900991	97.87079003	280.95242399999995
5	20 131 22 74 25	124.819		50.0 327.5 55.0 185.0 62.5	61.51933226	24.66377657	93.81689117	280.952424
5	20 132 18 60 19	125.0		50.0 330.0 45.0 150.0 47.5	21.12177156	9.71643541	149.16179303	280.952424
5	20 132 18 60 21	125.0		50.0 330.0 45.0 150.0 52.5	30.02417682	13.94064917	136.03517401	280.952424
5	20 132 24 80 19	125.0		50.0 330.0 60.0 200.0 47.5	61.05480686	22.33904573	96.60614741	280.95242399999995
5	20 132 24 80 21	125.0		50.0 330.0 60.0 200.0 52.5	63.87595624	23.57999177	92.54405199	280.95242399999995
5	20 132 24 80 23	125.0		50.0 330.0 60.0 200.0 57.5	66.39839743	24.71727594	88.88432663	280.952424
5	20 132 24 80 25	125.0		50.0 330.0 60.0 200.0 62.5	68.67277728	25.76675617	85.56046655	280.95242399999995
5	20 132 24 80 27	125.0		50.0 330.0 60.0 200.0 67.5	70.73790195	26.74067909	82.52141896	280.952424
5	20 133 26 86 21	125.022		50.0 332.5 65.0 215.0 52.5	71.28518464	24.58406483	84.13075054	280.952424
5	20 133 26 86 23	125.022		50.0 332.5 65.0 215.0 57.5	73.38316704	25.51629724	81.10053572	280.95242399999995
5	20 133 26 86 25	125.022		50.0 332.5 65.0 215.0 62.5	75.29643016	26.38579223	78.31777761	280.95242399999995
5	20 133 26 86 27	125.022		50.0 332.5 65.0 215.0 67.5	77.05044733	27.20001425	75.74953841	280.952424
5	20 133 26 86 29	125.022		50.0 332.5 65.0 215.0 72.5	78.66589925	27.96510688	73.36899386	280.952424
5	20 134 21 69 16	124.919		50.0 335.0 52.5 172.5 40.0	35.46271028	14.62821595	129.90907378	280.95242399999995
5	20 134 21 69 18	124.919		50.0 335.0 52.5 172.5 45.0	41.33846478	17.22284038	121.43869484	280.952424
5	20 134 21 69 20	124.919		50.0 335.0 52.5 172.5 50.0	46.10329261	19.38763896	114.50906843	280.952424
5	20 134 21 69 22	124.919		50.0 335.0 52.5 172.5 55.0	50.11527248	21.25918183	108.62554569	280.952424
5	20 134 21 69 24	124.919		50.0 335.0 52.5 172.5 60.0	53.57555151	22.9135742	103.51087429	280.95242399999995
5	20 135 23 75 18	124.938		50.0 337.5 57.5 187.5 45.0	52.0945072	20.3558565	107.5496363	280.95242399999995
5	20 135 23 75 20	124.938		50.0 337.5 57.5 187.5 50.0	55.6487715	21.9433679	102.4078606	280.95242399999995
5	20 135 23 75 22	124.938		50.0 337.5 57.5 187.5 55.0	58.76020005	23.36900991	97.87079003	280.95242399999995
5	20 135 23 75 24	124.938		50.0 337.5 57.5 187.5 60.0	61.51933226	24.66377657	93.81689117	280.952424
5	20 135 23 75 26	124.938		50.0 337.5 57.5 187.5 65.0	63.99100465	25.84991034	90.15908501	280.95242399999995
5	20 136 25 81 20	124.818		50.0 340.0 62.5 202.5 50.0	63.87595624	23.57999177	92.54405199	280.95242399999995
5	20 136 25 81 22	124.818		50.0 340.0 62.5 202.5 55.0	66.39839743	24.71727594	88.88432663	280.952424
5	20 136 25 81 24	124.818		50.0 340.0 62.5 202.5 60.0	68.67277728	25.76675617	85.56046655	280.95242399999995
5	20 136 25 81 26	124.818		50.0 340.0 62.5 202.5 65.0	70.73790195	26.74067909	82.52141896	280.952424
5	20 136 25 81 28	124.818		50.0 340.0 62.5 202.5 70.0	72.62422291	27.64874716	79.72702993	280.95242399999995
5	20 136 26 84 21	125.175		50.0 340.0 65.0 210.0 52.5	68.83868897	24.67276018	86.48855084	280.952424
5	20 136 26 84 23	125.175		50.0 340.0 65.0 210.0 57.5	71.02260593	25.66148549	83.31590859	280.95242399999995
5	20 136 26 84 25	125.175		50.0 340.0 65.0 210.0 62.5	73.01010448	26.58144285	80.40845267	280.952424
5	20 136 26 84 27	125.175		50.0 340.0 65.0 210.0 67.5	74.82898335	27.44112499	77.72989167	280.95242399999995
5	20 136 26 84 29	125.175		50.0 340.0 65.0 210.0 72.5	76.50165623	28.24746413	75.25087964	280.952424
5	20 137 19 61 18	125.045		50.0 342.5 47.5 152.5 45.0	21.12177156	9.71643541	149.16179303	280.952424
5	20 137 19 61 20	125.045		50.0 342.5 47.5 152.5 50.0	30.02417682	13.94064917	136.03517401	280.952424
5	20 137 19 61 22	125.045		50.0 342.5 47.5 152.5 55.0	36.3560431	17.02743083	126.61652607	280.952424
5	20 138 21 67 16	124.919		50.0 345.0 52.5 167.5 40.0	31.25170942	13.37195586	135.37633472	280.95242399999995
5	20 138 21 67 18	124.919		50.0 345.0 52.5 167.5 45.0	37.80844349	16.33599308	125.85556343	280.95242399999995
5	20 138 21 67 20	124.919		50.0 345.0 52.5 167.5 50.0	42.98283249	18.74145517	118.27571234	280.95242399999995
5	20 138 21 67 22	124.919		50.0 345.0 52.5 167.5 55.0	47.27394255	20.78866698	111.93739047	280.95242399999995
5	20 138 21 67 24	124.919		50.0 345.0 52.5 167.5 60.0	50.93907099	22.57992283	106.48100619	280.952424
5	20 139 24 76 19	124.953		50.0 347.5 60.0 190.0 47.5	55.6487715	21.9433679	102.4078606	280.95242399999995
5	20 139 24 76 21	124.953		50.0 347.5 60.0 190.0 52.5	58.76020005	23.36900991	97.87079003	280.95242399999995
5	20 139 24 76 23	124.953		50.0 347.5 60.0 190.0 57.5	61.51933226	24.66377657	93.81689117	280.952424
5	20 139 24 76 25	124.953		50.0 347.5 60.0 190.0 62.5	63.99100465	25.84991034	90.15908501	280.95242399999995
5	20 139 24 76 27	124.953		50.0 347.5 60.0 190.0 67.5	66.22349112	26.94404756	86.83246132	280.952424
5	20 139 25 79 20	125.216		50.0 347.5 62.5 197.5 50.0	61.32348008	23.50269612	95.1738238	280.95242399999995
5	20 139 25 79 22	125.216		50.0 347.5 62.5 197.5 55.0	63.9600911	24.71522683	91.32468206	280.95242399999995
5	20 139 25 79 24	125.216		50.0 347.5 62.5 197.5 60.0	66.33012701	25.83028747	87.83958552	280.952424
5	20 139 25 79 26	125.216		50.0 347.5 62.5 197.5 65.0	68.47673396	26.86210491	84.66116113	280.95242399999995
5	20 139 25 79 28	125.216		50.0 347.5 62.5 197.5 70.0	70.43341356	27.82181526	81.74477118	280.952424
5	20 140 27 85 22	124.79		50.0 350.0 67.5 212.5 55.0	71.02260593	25.66148549	83.31590859	280.95242399999995
5	20 140 27 85 24	124.79		50.0 350.0 67.5 212.5 60.0	73.01010448	26.58144285	80.40845267	280.952424
5	20 140 27 85 26	124.79		50.0 350.0 67.5 212.5 65.0	74.82898335	27.44112499	77.72989167	280.95242399999995
5	20 140 27 85 28	124.79		50.0 350.0 67.5 212.5 70.0	76.50165623	28.24746413	75.25087964	280.952424
5	20 140 27 85 30	124.79		50.0 350.0 67.5 212.5 75.0	78.04646669	29.00620915	72.94732416	280.95242399999995
5	20 142 20 62 17	124.943		50.0 355.0 50.0 155.0 42.5	21.12177156	9.71643541	149.16179303	280.952424
5	20 142 20 62 19	124.943		50.0 355.0 50.0 155.0 47.5	30.02417682	13.94064917	136.03517401	280.952424
5	20 142 20 62 21	124.943		50.0 355.0 50.0 155.0 52.5	36.3560431	17.02743083	126.61652607	280.952424
5	20 142 20 62 23	124.943		50.0 355.0 50.0 155.0 57.5	41.3655976	19.53107708	119.10332532	280.952424
5	20 142 21 65 16	125.135		50.0 355.0 52.5 162.5 40.0	26.57653693	11.79230893	141.63115414	280.952424
5	20 142 21 65 18	125.135		50.0 355.0 52.5 162.5 45.0	34.06569748	15.26001138	130.67429114	280.95242399999995
5	20 142 21 65 20	125.135		50.0 355.0 52.5 162.5 50.0	39.74590918	17.96336378	122.29072704	280.95242399999995
5	20 142 21 65 22	125.135		50.0 355.0 52.5 162.5 55.0	44.36378331	20.21765292	115.41856377	280.95242399999995
5	20 142 21 65 24	125.135		50.0 355.0 52.5 162.5 60.0	48.26090362	22.16555384	109.57354254	280.95242399999995
5	20 143 25 77 20	124.875		50.0 357.5 62.5 192.5 50.0	58.76020005	23.36900991	97.87079003	280.95242399999995
5	20 143 25 77 22	124.875		50.0 357.5 62.5 192.5 55.0	61.51933226	24.66377657	93.81689117	280.952424
5	20 143 25 77 24	124.875		50.0 357.5 62.5 192.5 60.0	63.99100465	25.84991034	90.15908501	280.95242399999995
5	20 143 25 77 26	124.875		50.0 357.5 62.5 192.5 65.0	66.22349112	26.94404756	86.83246132	280.952424
5	20 143 25 77 28	124.875		50.0 357.5 62.5 192.5 70.0	68.25383047	27.95903659	83.78713294	280.95242399999995
5	20 143 26 80 21	125.0		50.0 357.5 65.0 200.0 52.5	63.9600911	24.71522683	91.32468206	280.95242399999995
5	20 143 26 80 23	125.0		50.0 357.5 65.0 200.0 57.5	66.33012701	25.83028747	87.83958552	280.952424
5	20 143 26 80 25	125.0		50.0 357.5 65.0 200.0 62.5	68.47673396	26.86210491	84.66116113	280.95242399999995
5	20 143 26 80 27	125.0		50.0 357.5 65.0 200.0 67.5	70.43341356	27.82181526	81.74477118	280.952424
5	20 143 26 80 29	125.0		50.0 357.5 65.0 200.0 72.5	72.22674463	28.71833801	79.05491736	280.952424
5	20 143 27 83 22	125.116		50.0 357.5 67.5 207.5 55.0	68.67277728	25.76675617	85.56046655	280.95242399999995
5	20 143 27 83 24	125.116		50.0 357.5 67.5 207.5 60.0	70.73790195	26.74067909	82.52141896	280.952424
5	20 143 27 83 26	125.116		50.0 357.5 67.5 207.5 65.0	72.62422291	27.64874716	79.72702993	280.95242399999995
5	20 143 27 83 28	125.116		50.0 357.5 67.5 207.5 70.0	74.35610573	28.49880895	77.14508532	280.95242399999995
5	20 143 27 83 30	125.116		50.0 357.5 67.5 207.5 75.0	75.95336556	29.29732396	74.74931048	280.952424
6	20 66 12 80 11	125.0		60.0 198.0 36.0 240.0 33.0	76.32477692	14.21624454	89.45897853	280.9524239999999
6	20 66 12 80 13	125.0		60.0 198.0 36.0 240.0 39.0	80.82697507	15.38949898	83.78352595	280.95242399999995
6	20 66 12 80 15	125.0		60.0 198.0 36.0 240.0 45.0	84.6164489	16.43675872	78.94679238	280.952424
6	20 79 14 78 11	124.959		60.0 237.0 42.0 234.0 33.0	71.64597245	15.46259738	92.89143017	280.952424
6	20 79 14 78 13	124.959		60.0 237.0 42.0 234.0 39.0	76.05790746	16.73600349	87.20608905	280.952424
6	20 79 14 78 15	124.959		60.0 237.0 42.0 234.0 45.0	79.7936298	17.87212161	82.33424859	280.95242399999995
6	20 79 14 78 17	124.959		60.0 237.0 42.0 234.0 51.0	83.01135583	18.89842169	78.09022248	280.952424
6	20 80 12 66 11	125.0		60.0 240.0 36.0 198.0 33.0	38.5203548	10.72112926	130.75851594	280.95242399999995
6	20 80 12 66 13	125.0		60.0 240.0 36.0 198.0 39.0	47.64926472	13.52512795	118.82560733	280.95242399999995
6	20 80 12 66 15	125.0		60.0 240.0 36.0 198.0 45.0	54.4752862	15.74094386	109.78376994	280.95242399999995
6	20 81 14 76 11	125.081		60.0 243.0 42.0 228.0 33.0	67.04173886	15.34286597	97.61539518	280.95242399999995
6	20 81 14 76 13	125.081		60.0 243.0 42.0 228.0 39.0	71.81250675	16.75108759	91.43640567	280.95242399999995
6	20 81 14 76 15	125.081		60.0 243.0 42.0 228.0 45.0	75.82147529	17.99737382	86.18115089	280.9524239999999
6	20 81 14 76 17	125.081		60.0 243.0 42.0 228.0 51.0	79.25552433	19.11646653	81.62800915	280.95242399999995
6	20 82 11 59 12	125.052		60.0 246.0 33.0 177.0 36.0	8.69082575	2.80567565	168.5034986	280.952424
6	20 82 11 59 14	125.052		60.0 246.0 33.0 177.0 42.0	29.72291813	9.7759933	140.50108857	280.95242399999995
6	20 83 13 69 12	124.847		60.0 249.0 39.0 207.0 36.0	52.74753606	14.22152644	113.0309375	280.95242399999995
6	20 83 13 69 14	124.847		60.0 249.0 39.0 207.0 42.0	58.92261513	16.17732323	104.90006165	280.95242399999995
6	20 83 13 69 16	124.847		60.0 249.0 39.0 207.0 48.0	63.93716305	17.84741723	98.21541973	280.95242399999995
6	20 85 11 57 14	124.871		60.0 255.0 33.0 171.0 42.0	21.57479489	7.43938783	150.98581729	280.952424
6	20 85 12 62 11	125.237		60.0 255.0 36.0 186.0 33.0	22.82931644	7.02154425	150.14913931	280.952424
6	20 85 12 62 13	125.237		60.0 255.0 36.0 186.0 39.0	36.36852042	11.40008863	132.23139095	280.95242399999995
6	20 85 12 62 15	125.237		60.0 255.0 36.0 186.0 45.0	45.08752407	14.37841662	120.53405932	280.95242399999995
6	20 88 11 55 14	125.0		60.0 264.0 33.0 165.0 42.0	8.21657067	2.96815235	168.81527698	280.95242399999995
6	20 88 12 60 11	125.0		60.0 264.0 36.0 180.0 33.0	8.69082575	2.80567565	168.5034986	280.952424
6	20 88 12 60 13	125.0		60.0 264.0 36.0 180.0 39.0	29.72291813	9.7759933	140.50108857	280.95242399999995
6	20 88 12 60 15	125.0		60.0 264.0 36.0 180.0 45.0	39.99159065	13.37733414	126.63107521	280.95242399999995
6	20 88 13 65 12	125.0		60.0 264.0 39.0 195.0 36.0	42.24321968	12.60758706	125.14919327	280.95242399999995
6	20 88 13 65 14	125.0		60.0 264.0 39.0 195.0 42.0	49.88447385	15.15131928	114.96420687	280.95242399999995
6	20 88 13 65 16	125.0		60.0 264.0 39.0 195.0 48.0	55.83341803	17.23146364	106.93511833	280.95242399999995
6	20 88 14 70 11	125.0		60.0 264.0 42.0 210.0 33.0	52.74753606	14.22152644	113.0309375	280.95242399999995
6	20 88 14 70 13	125.0		60.0 264.0 42.0 210.0 39.0	58.92261513	16.17732323	104.90006165	280.95242399999995
6	20 88 14 70 15	125.0		60.0 264.0 42.0 210.0 45.0	63.93716305	17.84741723	98.21541973	280.95242399999995
6	20 88 14 70 17	125.0		60.0 264.0 42.0 210.0 51.0	68.13428191	19.31052635	92.55519174	280.95242399999995
6	20 88 15 75 12	125.0		60.0 264.0 45.0 225.0 36.0	67.55898843	16.66906631	95.77194526	280.95242399999995
6	20 88 15 75 14	125.0		60.0 264.0 45.0 225.0 42.0	71.86716933	18.03877499	90.09405568	280.95242399999995
6	20 88 15 75 16	125.0		60.0 264.0 45.0 225.0 48.0	75.53383753	19.26020862	85.20595385	280.95242399999995
6	20 88 15 75 18	125.0		60.0 264.0 45.0 225.0 54.0	78.70624016	20.36305538	80.93070446	280.95242399999995
6	20 91 12 58 13	125.047		60.0 273.0 36.0 174.0 39.0	21.57479489	7.43938783	150.98581729	280.952424
6	20 91 12 58 15	125.047		60.0 273.0 36.0 174.0 45.0	34.44496738	12.07546539	133.47956723	280.952424
6	20 93 15 71 12	124.943		60.0 279.0 45.0 213.0 36.0	58.92261513	16.17732323	104.90006165	280.95242399999995
6	20 93 15 71 14	124.943		60.0 279.0 45.0 213.0 42.0	63.93716305	17.84741723	98.21541973	280.95242399999995
6	20 93 15 71 16	124.943		60.0 279.0 45.0 213.0 48.0	68.13428191	19.31052635	92.55519174	280.95242399999995
6	20 93 15 71 18	124.943		60.0 279.0 45.0 213.0 54.0	71.72244367	20.61457442	87.66298191	280.95242399999995
6	20 95 16 74 11	125.178		60.0 285.0 48.0 222.0 33.0	63.27205668	16.48158439	100.24635893	280.952424
6	20 95 16 74 13	125.178		60.0 285.0 48.0 222.0 39.0	67.91230779	17.99113313	94.09655907	280.95242399999995
6	20 95 16 74 15	125.178		60.0 285.0 48.0 222.0 45.0	71.83170006	19.32640314	88.8418968	280.95242399999995
6	20 95 16 74 17	125.178		60.0 285.0 48.0 222.0 51.0	75.20406969	20.52480511	84.2711252	280.95242399999995
6	20 95 16 74 19	125.178		60.0 285.0 48.0 222.0 57.0	78.14741903	21.61205505	80.24052592	280.95242399999995
6	20 97 13 59 12	124.934		60.0 291.0 39.0 177.0 36.0	21.57479489	7.43938783	150.98581729	280.952424
6	20 97 13 59 14	124.934		60.0 291.0 39.0 177.0 42.0	34.44496738	12.07546539	133.47956723	280.952424
6	20 97 13 59 16	124.934		60.0 291.0 39.0 177.0 48.0	42.78386789	15.22661465	121.98951746	280.95242399999995
6	20 104 13 55 14	125.0		60.0 312.0 39.0 165.0 42.0	20.44856298	7.85742987	151.69400715	280.95242399999995
6	20 104 13 55 16	125.0		60.0 312.0 39.0 165.0 48.0	32.70780364	12.75064126	134.54155511	280.952424
6	20 106 14 58 11	125.244		60.0 318.0 42.0 174.0 33.0	8.21657067	2.96815235	168.81527698	280.95242399999995
6	20 106 14 58 13	125.244		60.0 318.0 42.0 174.0 39.0	28.16171837	10.33938192	141.49889971	280.952424
6	20 106 14 58 15	125.244		60.0 318.0 42.0 174.0 45.0	37.96230972	14.14471602	127.89297426	280.952424
6	20 106 14 58 17	125.244		60.0 318.0 42.0 174.0 51.0	44.98933292	16.99069439	118.01997269	280.95242399999995
6	20 107 18 74 13	125.032		60.0 321.0 54.0 222.0 39.0	68.13428191	19.31052635	92.55519174	280.95242399999995
6	20 107 18 74 15	125.032		60.0 321.0 54.0 222.0 45.0	71.72244367	20.61457442	87.66298191	280.95242399999995
6	20 107 18 74 17	125.032		60.0 321.0 54.0 222.0 51.0	74.83914155	21.79143248	83.36942597	280.95242399999995
6	20 107 18 74 19	125.032		60.0 321.0 54.0 222.0 57.0	77.5803289	22.86363384	79.55603726	280.95242399999995
6	20 107 18 74 21	125.032		60.0 321.0 54.0 222.0 63.0	80.01580897	23.84784234	76.13634869	280.952424
6	20 108 13 53 14	124.913		60.0 324.0 39.0 159.0 42.0	7.79000039	3.13114938	169.07885023	280.952424
6	20 108 13 53 16	124.913		60.0 324.0 39.0 159.0 48.0	26.74910326	10.9041131	142.34678364	280.952424
6	20 108 15 61 12	125.228		60.0 324.0 45.0 183.0 36.0	34.44496738	12.07546539	133.47956723	280.952424
6	20 108 15 61 14	125.228		60.0 324.0 45.0 183.0 42.0	42.78386789	15.22661465	121.98951746	280.95242399999995
6	20 108 15 61 16	125.228		60.0 324.0 45.0 183.0 48.0	49.08930106	17.71337358	113.19732536	280.95242399999995
6	20 108 15 61 18	125.228		60.0 324.0 45.0 183.0 54.0	54.16710307	19.79516121	106.03773571	280.95242399999995
6	20 110 14 56 13	125.0		60.0 330.0 42.0 168.0 39.0	20.44856298	7.85742987	151.69400715	280.95242399999995
6	20 110 14 56 15	125.0		60.0 330.0 42.0 168.0 45.0	32.70780364	12.75064126	134.54155511	280.952424
6	20 110 14 56 17	125.0		60.0 330.0 42.0 168.0 51.0	40.69272893	16.07394064	123.23333043	280.952424
6	20 110 16 64 11	125.0		60.0 330.0 48.0 192.0 33.0	39.99159065	13.37733414	126.63107521	280.95242399999995
6	20 110 16 64 13	125.0		60.0 330.0 48.0 192.0 39.0	47.31604214	16.07274071	116.61121714	280.95242399999995
6	20 110 16 64 15	125.0		60.0 330.0 48.0 192.0 45.0	53.04786216	18.2754598	108.67667804	280.95242399999995
6	20 110 16 64 17	125.0		60.0 330.0 48.0 192.0 51.0	57.74750728	20.15410396	102.09838875	280.952424
6	20 110 16 64 19	125.0		60.0 330.0 48.0 192.0 57.0	61.71427559	21.7980003	96.48772411	280.95242399999995
6	20 110 18 72 13	125.0		60.0 330.0 54.0 216.0 39.0	64.42589989	19.20656353	96.36753658	280.95242399999995
6	20 110 18 72 15	125.0		60.0 330.0 54.0 216.0 45.0	68.24924537	20.62837768	91.12237695	280.95242399999995
6	20 110 18 72 17	125.0		60.0 330.0 54.0 216.0 51.0	71.55192397	21.90379266	86.54428337	280.95242399999995
6	20 110 18 72 19	125.0		60.0 330.0 54.0 216.0 57.0	74.44448924	23.06034051	82.49517026	280.9524239999999
6	20 110 18 72 21	125.0		60.0 330.0 54.0 216.0 63.0	77.00595934	24.11796204	78.87607862	280.95242399999995
6	20 112 13 51 16	125.175		60.0 336.0 39.0 153.0 48.0	19.42770056	8.27755763	152.29474181	280.952424
6	20 112 15 59 12	124.849		60.0 336.0 45.0 177.0 36.0	28.16171837	10.33938192	141.49889971	280.952424
6	20 112 15 59 14	124.849		60.0 336.0 45.0 177.0 42.0	37.96230972	14.14471602	127.89297426	280.952424
6	20 112 15 59 16	124.849		60.0 336.0 45.0 177.0 48.0	44.98933292	16.99069439	118.01997269	280.95242399999995
6	20 112 15 59 18	124.849		60.0 336.0 45.0 177.0 54.0	50.51316473	19.31484271	110.17199256	280.95242399999995
6	20 113 18 70 13	125.158		60.0 339.0 54.0 210.0 39.0	60.68927255	19.00668023	100.30404723	280.95242399999995
6	20 113 18 70 15	125.158		60.0 339.0 54.0 210.0 45.0	64.77180409	20.56099973	94.66719618	280.95242399999995
6	20 113 18 70 17	125.158		60.0 339.0 54.0 210.0 51.0	68.27574704	21.94559173	89.77866123	280.95242399999995
6	20 113 18 70 19	125.158		60.0 339.0 54.0 210.0 57.0	71.32989566	23.19449154	85.4756128	280.95242399999995
6	20 113 18 70 21	125.158		60.0 339.0 54.0 210.0 63.0	74.02441013	24.3317655	81.64382437	280.95242399999995
6	20 114 14 54 13	125.081		60.0 342.0 42.0 162.0 39.0	7.79000039	3.13114938	169.07885023	280.952424
6	20 114 14 54 15	125.081		60.0 342.0 42.0 162.0 45.0	26.74910326	10.9041131	142.34678364	280.952424
6	20 114 14 54 17	125.081		60.0 342.0 42.0 162.0 51.0	36.11671606	14.91333271	128.96995123	280.952424
6	20 115 17 65 12	125.084		60.0 345.0 51.0 195.0 36.0	47.31604214	16.07274071	116.61121714	280.95242399999995
6	20 115 17 65 14	125.084		60.0 345.0 51.0 195.0 42.0	53.04786216	18.2754598	108.67667804	280.95242399999995
6	20 115 17 65 16	125.084		60.0 345.0 51.0 195.0 48.0	57.74750728	20.15410396	102.09838875	280.952424
6	20 115 17 65 18	125.084		60.0 345.0 51.0 195.0 54.0	61.71427559	21.7980003	96.48772411	280.95242399999995
6	20 115 17 65 20	125.084		60.0 345.0 51.0 195.0 60.0	65.13072815	23.26155593	91.60771592	280.95242399999995
6	20 116 15 57 12	124.773		60.0 348.0 45.0 171.0 36.0	20.44856298	7.85742987	151.69400715	280.95242399999995
6	20 116 15 57 14	124.773		60.0 348.0 45.0 171.0 42.0	32.70780364	12.75064126	134.54155511	280.952424
6	20 116 15 57 16	124.773		60.0 348.0 45.0 171.0 48.0	40.69272893	16.07394064	123.23333043	280.952424
6	20 116 15 57 18	124.773		60.0 348.0 45.0 171.0 54.0	46.75776589	18.69462237	114.54761174	280.952424
6	20 120 15 55 12	125.0		60.0 360.0 45.0 165.0 36.0	7.79000039	3.13114938	169.07885023	280.952424
6	20 120 15 55 14	125.0		60.0 360.0 45.0 165.0 42.0	26.74910326	10.9041131	142.34678364	280.952424
6	20 120 15 55 16	125.0		60.0 360.0 45.0 165.0 48.0	36.11671606	14.91333271	128.96995123	280.952424
6	20 120 15 55 18	125.0		60.0 360.0 45.0 165.0 54.0	42.86376	17.90945319	119.22678681	280.952424
6	20 120 18 66 13	125.0		60.0 360.0 54.0 198.0 39.0	53.04786216	18.2754598	108.67667804	280.95242399999995
6	20 120 18 66 15	125.0		60.0 360.0 54.0 198.0 45.0	57.74750728	20.15410396	102.09838875	280.952424
6	20 120 18 66 17	125.0		60.0 360.0 54.0 198.0 51.0	61.71427559	21.7980003	96.48772411	280.95242399999995
6	20 120 18 66 19	125.0		60.0 360.0 54.0 198.0 57.0	65.13072815	23.26155593	91.60771592	280.95242399999995
6	20 120 18 66 21	125.0		60.0 360.0 54.0 198.0 63.0	68.11786591	24.58096583	87.30116827	280.95242399999995
6	20 121 19 69 14	125.165		60.0 363.0 57.0 207.0 42.0	61.27637969	20.40575064	98.31786967	280.95242399999995
6	20 121 19 69 16	125.165		60.0 363.0 57.0 207.0 48.0	65.00023221	21.9122572	93.08751059	280.952424
6	20 121 19 69 18	125.165		60.0 363.0 57.0 207.0 54.0	68.22817608	23.26291207	88.50891185	280.952424
6	20 121 19 69 20	125.165		60.0 363.0 57.0 207.0 60.0	71.06406582	24.48705409	84.44888009	280.952424
6	20 121 19 69 22	125.165		60.0 363.0 57.0 207.0 66.0	73.58234144	25.60593467	80.81172389	280.95242399999995
6	20 122 20 72 15	125.228		60.0 366.0 60.0 216.0 45.0	68.27574704	21.94559173	89.77866123	280.95242399999995
6	20 122 20 72 17	125.228		60.0 366.0 60.0 216.0 51.0	71.32989566	23.19449154	85.4756128	280.95242399999995
6	20 122 20 72 19	125.228		60.0 366.0 60.0 216.0 57.0	74.02441013	24.3317655	81.64382437	280.95242399999995
6	20 122 20 72 21	125.228		60.0 366.0 60.0 216.0 63.0	76.42508899	25.37521242	78.19969859	280.95242399999995
6	20 122 20 72 23	125.228		60.0 366.0 60.0 216.0 69.0	78.5815107	26.33845585	75.08003344	280.95242399999995
6	20 123 14 50 15	125.203		60.0 369.0 42.0 150.0 45.0	7.40269297	3.29537539	169.30193164	280.952424
6	20 123 14 50 17	125.203		60.0 369.0 42.0 150.0 51.0	25.45991173	11.47260982	143.06747845	280.95242399999995
6	20 125 19 67 14	124.776		60.0 375.0 57.0 201.0 42.0	57.74750728	20.15410396	102.09838875	280.952424
6	20 125 19 67 16	124.776		60.0 375.0 57.0 201.0 48.0	61.71427559	21.7980003	96.48772411	280.95242399999995
6	20 125 19 67 18	124.776		60.0 375.0 57.0 201.0 54.0	65.13072815	23.26155593	91.60771592	280.95242399999995
6	20 125 19 67 20	124.776		60.0 375.0 57.0 201.0 60.0	68.11786591	24.58096583	87.30116827	280.95242399999995
6	20 125 19 67 22	124.776		60.0 375.0 57.0 201.0 66.0	70.76060037	25.78182639	83.45757324	280.95242399999995
6	20 127 17 59 12	124.783		60.0 381.0 51.0 177.0 36.0	32.70780364	12.75064126	134.54155511	280.952424
6	20 127 17 59 14	124.783		60.0 381.0 51.0 177.0 42.0	40.69272893	16.07394064	123.23333043	280.952424
6	20 127 17 59 16	124.783		60.0 381.0 51.0 177.0 48.0	46.75776589	18.69462237	114.54761174	280.952424
6	20 127 17 59 18	124.783		60.0 381.0 51.0 177.0 54.0	51.6612626	20.88699734	107.45174006	280.95242399999995
6	20 127 17 59 20	124.783		60.0 381.0 51.0 177.0 60.0	55.76854419	22.78177062	101.44968519	280.95242399999995
6	20 130 21 71 16	125.135		60.0 390.0 63.0 213.0 48.0	68.22817608	23.26291207	88.50891185	280.952424
6	20 130 21 71 18	125.135		60.0 390.0 63.0 213.0 54.0	71.06406582	24.48705409	84.44888009	280.952424
6	20 130 21 71 20	125.135		60.0 390.0 63.0 213.0 60.0	73.58234144	25.60593467	80.81172389	280.95242399999995
6	20 130 21 71 22	125.135		60.0 390.0 63.0 213.0 66.0	75.83833415	26.63556059	77.52610526	280.95242399999995
6	20 130 21 71 24	125.135		60.0 390.0 63.0 213.0 72.0	77.87435509	27.58836027	74.53728464	280.95242399999995
6	20 131 17 57 12	125.218		60.0 393.0 51.0 171.0 36.0	26.74910326	10.9041131	142.34678364	280.952424
6	20 131 17 57 14	125.218		60.0 393.0 51.0 171.0 42.0	36.11671606	14.91333271	128.96995123	280.952424
6	20 131 17 57 16	125.218		60.0 393.0 51.0 171.0 48.0	42.86376	17.90945319	119.22678681	280.952424
6	20 131 17 57 18	125.218		60.0 393.0 51.0 171.0 54.0	48.18847967	20.35441643	111.4571039	280.95242399999995
6	20 131 17 57 20	125.218		60.0 393.0 51.0 171.0 60.0	52.58686277	22.43684063	104.9762966	280.95242399999995
6	20 132 18 60 13	125.0		60.0 396.0 54.0 180.0 39.0	40.69272893	16.07394064	123.23333043	280.952424
6	20 132 18 60 15	125.0		60.0 396.0 54.0 180.0 45.0	46.75776589	18.69462237	114.54761174	280.952424
6	20 132 18 60 17	125.0		60.0 396.0 54.0 180.0 51.0	51.6612626	20.88699734	107.45174006	280.95242399999995
6	20 132 18 60 19	125.0		60.0 396.0 54.0 180.0 57.0	55.76854419	22.78177062	101.44968519	280.95242399999995
6	20 132 18 60 21	125.0		60.0 396.0 54.0 180.0 63.0	59.29015853	24.45388489	96.25595658	280.952424
7	20 71 10 62 9	124.943		70.0 248.5 35.0 217.0 31.5	54.67811304	12.61178261	112.71010435	280.95242399999995
7	20 71 10 62 11	124.943		70.0 248.5 35.0 217.0 38.5	62.52182552	14.78650784	102.69166665	280.95242399999995
7	20 71 10 62 13	124.943		70.0 248.5 35.0 217.0 45.5	68.59500862	16.58957734	94.81541404	280.952424
7	20 76 10 58 9	124.773		70.0 266.0 35.0 203.0 31.5	40.61219794	10.63744793	128.75035414	280.95242399999995
7	20 76 10 58 11	124.773		70.0 266.0 35.0 203.0 38.5	50.95834347	13.67318168	115.36847485	280.95242399999995
7	20 76 10 58 13	124.773		70.0 266.0 35.0 203.0 45.5	58.45852927	16.02667124	105.51479949	280.95242399999995
7	20 80 12 66 9	125.0		70.0 280.0 42.0 231.0 31.5	68.06131858	15.05366129	96.88502013	280.952424
7	20 80 12 66 11	125.0		70.0 280.0 42.0 231.0 38.5	73.58281121	16.64990812	89.76728067	280.95242399999995
7	20 80 12 66 13	125.0		70.0 280.0 42.0 231.0 45.5	78.10013035	18.03843383	83.86143582	280.95242399999995
7	20 80 12 66 15	125.0		70.0 280.0 42.0 231.0 52.5	81.88865628	19.26868934	78.84265438	280.952424
7	20 82 11 59 10	125.052		70.0 287.0 38.5 206.5 35.0	50.95834347	13.67318168	115.36847485	280.95242399999995
7	20 82 11 59 12	125.052		70.0 287.0 38.5 206.5 42.0	58.45852927	16.02667124	105.51479949	280.95242399999995
7	20 82 11 59 14	125.052		70.0 287.0 38.5 206.5 49.0	64.31462649	17.97644176	97.70893174	280.95242399999995
7	20 85 11 57 10	124.871		70.0 297.5 38.5 199.5 35.0	44.71924289	12.74085795	122.53989916	280.95242399999995
7	20 85 11 57 12	124.871		70.0 297.5 38.5 199.5 42.0	53.20565301	15.4816746	111.31267238	280.95242399999995
7	20 85 11 57 14	124.871		70.0 297.5 38.5 199.5 49.0	59.65636852	17.69062311	102.65300837	280.95242399999995
7	20 85 12 62 9	125.237		70.0 297.5 42.0 217.0 31.5	56.84988992	14.3375839	108.81252617	280.95242399999995
7	20 85 12 62 11	125.237		70.0 297.5 42.0 217.0 38.5	63.56898323	16.38765024	100.04336653	280.95242399999995
7	20 85 12 62 13	125.237		70.0 297.5 42.0 217.0 45.5	68.91946099	18.12102781	92.9595112	280.95242399999995
7	20 85 12 62 15	125.237		70.0 297.5 42.0 217.0 52.5	73.32768968	19.62779239	87.04451793	280.95242399999995
7	20 88 10 50 11	125.0		70.0 308.0 35.0 175.0 38.5	20.22209877	6.83426374	152.94363749	280.952424
7	20 88 10 50 13	125.0		70.0 308.0 35.0 175.0 45.5	35.56734521	12.26021338	132.17244142	280.952424
7	20 88 11 55 10	125.0		70.0 308.0 38.5 192.5 35.0	37.92012498	11.4522327	130.62764232	280.95242399999995
7	20 88 11 55 12	125.0		70.0 308.0 38.5 192.5 42.0	47.73139984	14.71610311	117.55249705	280.95242399999995
7	20 88 11 55 14	125.0		70.0 308.0 38.5 192.5 49.0	54.90403274	17.24424933	107.85171793	280.95242399999995
7	20 88 12 60 9	125.0		70.0 308.0 42.0 210.0 31.5	50.95834347	13.67318168	115.36847485	280.95242399999995
7	20 88 12 60 11	125.0		70.0 308.0 42.0 210.0 38.5	58.45852927	16.02667124	105.51479949	280.95242399999995
7	20 88 12 60 13	125.0		70.0 308.0 42.0 210.0 45.5	64.31462649	17.97644176	97.70893174	280.95242399999995
7	20 88 12 60 15	125.0		70.0 308.0 42.0 210.0 52.5	69.08212643	19.64999936	91.26787421	280.952424
7	20 88 13 65 10	125.0		70.0 308.0 45.5 227.5 35.0	68.59500862	16.58957734	94.81541404	280.952424
7	20 88 13 65 12	125.0		70.0 308.0 45.5 227.5 42.0	73.50464925	18.13835109	88.35699966	280.95242399999995
7	20 88 13 65 14	125.0		70.0 308.0 45.5 227.5 49.0	77.58915414	19.498701	82.91214486	280.95242399999995
7	20 88 13 65 16	125.0		70.0 308.0 45.5 227.5 56.0	81.05869938	20.71219921	78.22910141	280.95242399999995
7	20 91 12 58 9	125.047		70.0 318.5 42.0 203.0 31.5	44.71924289	12.74085795	122.53989916	280.95242399999995
7	20 91 12 58 11	125.047		70.0 318.5 42.0 203.0 38.5	53.20565301	15.4816746	111.31267238	280.95242399999995
7	20 91 12 58 13	125.047		70.0 318.5 42.0 203.0 45.5	59.65636852	17.69062311	102.65300837	280.95242399999995
7	20 91 12 58 15	125.047		70.0 318.5 42.0 203.0 52.5	64.82935525	19.55689248	95.61375228	280.95242399999995
7	20 95 11 51 10	124.871		70.0 332.5 38.5 178.5 35.0	20.22209877	6.83426374	152.94363749	280.952424
7	20 95 11 51 12	124.871		70.0 332.5 38.5 178.5 42.0	35.56734521	12.26021338	132.17244142	280.952424
7	20 95 11 51 14	124.871		70.0 332.5 38.5 178.5 49.0	44.88753332	15.74936486	119.36310182	280.952424
7	20 97 13 59 10	124.934		70.0 339.5 45.5 206.5 35.0	53.20565301	15.4816746	111.31267238	280.95242399999995
7	20 97 13 59 12	124.934		70.0 339.5 45.5 206.5 42.0	59.65636852	17.69062311	102.65300837	280.95242399999995
7	20 97 13 59 14	124.934		70.0 339.5 45.5 206.5 49.0	64.82935525	19.55689248	95.61375228	280.95242399999995
7	20 97 13 59 16	124.934		70.0 339.5 45.5 206.5 56.0	69.1168776	21.17798711	89.70513529	280.95242399999995
7	20 103 11 47 12	124.974		70.0 360.5 38.5 164.5 42.0	18.98715241	7.28666463	153.72618295	280.95242399999995
7	20 103 11 47 14	124.974		70.0 360.5 38.5 164.5 49.0	33.48126335	13.06709473	133.45164193	280.952424
7	20 104 13 55 10	125.0		70.0 364.0 45.5 192.5 35.0	41.91788814	13.67370218	124.40840967	280.952424
7	20 104 13 55 12	125.0		70.0 364.0 45.5 192.5 42.0	50.00527003	16.61023418	113.38449579	280.95242399999995
7	20 104 13 55 14	125.0		70.0 364.0 45.5 192.5 49.0	56.19615272	18.97485793	104.82898935	280.95242399999995
7	20 104 13 55 16	125.0		70.0 364.0 45.5 192.5 56.0	61.19055038	20.97101512	97.8384345	280.95242399999995
7	20 106 14 58 9	125.244		70.0 371.0 49.0 203.0 31.5	47.73139984	14.71610311	117.55249705	280.95242399999995
7	20 106 14 58 11	125.244		70.0 371.0 49.0 203.0 38.5	54.90403274	17.24424933	107.85171793	280.95242399999995
7	20 106 14 58 13	125.244		70.0 371.0 49.0 203.0 45.5	60.54391515	19.33699768	100.11908717	280.95242399999995
7	20 106 14 58 15	125.244		70.0 371.0 49.0 203.0 52.5	65.16290976	21.13188785	93.70520239	280.95242399999995
7	20 106 14 58 17	125.244		70.0 371.0 49.0 203.0 59.5	69.048551	22.70616401	88.24528499	280.95242399999995
7	20 108 13 53 10	124.913		70.0 378.0 45.5 185.5 35.0	35.56734521	12.26021338	132.17244142	280.952424
7	20 108 13 53 12	124.913		70.0 378.0 45.5 185.5 42.0	44.88753332	15.74936486	119.36310182	280.952424
7	20 108 13 53 14	124.913		70.0 378.0 45.5 185.5 49.0	51.74949051	18.4495057	109.80100378	280.95242399999995
7	20 108 13 53 16	124.913		70.0 378.0 45.5 185.5 56.0	57.17748667	20.68268471	102.13982863	280.952424
7	20 108 15 61 10	125.228		70.0 378.0 52.5 213.5 35.0	59.65636852	17.69062311	102.65300837	280.95242399999995
7	20 108 15 61 12	125.228		70.0 378.0 52.5 213.5 42.0	64.82935525	19.55689248	95.61375228	280.95242399999995
7	20 108 15 61 14	125.228		70.0 378.0 52.5 213.5 49.0	69.1168776	21.17798711	89.70513529	280.95242399999995
7	20 108 15 61 16	125.228		70.0 378.0 52.5 213.5 56.0	72.75284347	22.61236015	84.63479639	280.95242399999995
7	20 108 15 61 18	125.228		70.0 378.0 52.5 213.5 63.0	75.88939722	23.89849507	80.21210771	280.95242399999995
7	20 110 12 48 11	125.0		70.0 385.0 42.0 168.0 38.5	18.98715241	7.28666463	153.72618295	280.95242399999995
7	20 110 12 48 13	125.0		70.0 385.0 42.0 168.0 45.5	33.48126335	13.06709473	133.45164193	280.952424
7	20 110 12 48 15	125.0		70.0 385.0 42.0 168.0 52.5	42.34832019	16.78021232	120.87146749	280.95242399999995
7	20 110 14 56 9	125.0		70.0 385.0 49.0 196.0 31.5	41.91788814	13.67370218	124.40840967	280.952424
7	20 110 14 56 11	125.0		70.0 385.0 49.0 196.0 38.5	50.00527003	16.61023418	113.38449579	280.95242399999995
7	20 110 14 56 13	125.0		70.0 385.0 49.0 196.0 45.5	56.19615272	18.97485793	104.82898935	280.95242399999995
7	20 110 14 56 15	125.0		70.0 385.0 49.0 196.0 52.5	61.19055038	20.97101512	97.8384345	280.95242399999995
7	20 110 14 56 17	125.0		70.0 385.0 49.0 196.0 59.5	65.35140261	22.70359252	91.94500487	280.95242399999995
7	20 110 16 64 11	125.0		70.0 385.0 56.0 224.0 38.5	69.08212643	19.64999936	91.26787421	280.952424
7	20 110 16 64 13	125.0		70.0 385.0 56.0 224.0 45.5	73.07212516	21.11893166	85.80894319	280.95242399999995
7	20 110 16 64 15	125.0		70.0 385.0 56.0 224.0 52.5	76.4788554	22.42842761	81.09271699	280.95242399999995
7	20 110 16 64 17	125.0		70.0 385.0 56.0 224.0 59.5	79.43249359	23.60928827	76.95821815	280.952424
7	20 110 16 64 19	125.0		70.0 385.0 56.0 224.0 66.5	82.0247836	24.68367922	73.29153718	280.95242399999995
7	20 112 13 51 10	125.175		70.0 392.0 45.5 178.5 35.0	28.28574844	10.29241646	141.42183511	280.952424
7	20 112 13 51 12	125.175		70.0 392.0 45.5 178.5 42.0	39.44124561	14.60168777	125.95706662	280.95242399999995
7	20 112 13 51 14	125.175		70.0 392.0 45.5 178.5 49.0	47.15597578	17.731884	115.11214023	280.95242399999995
7	20 112 13 51 16	125.175		70.0 392.0 45.5 178.5 56.0	53.09712006	20.2501249	106.65275504	280.95242399999995
7	20 112 15 59 10	124.849		70.0 392.0 52.5 206.5 35.0	54.90403274	17.24424933	107.85171793	280.95242399999995
7	20 112 15 59 12	124.849		70.0 392.0 52.5 206.5 42.0	60.54391515	19.33699768	100.11908717	280.95242399999995
7	20 112 15 59 14	124.849		70.0 392.0 52.5 206.5 49.0	65.16290976	21.13188785	93.70520239	280.95242399999995
7	20 112 15 59 16	124.849		70.0 392.0 52.5 206.5 56.0	69.048551	22.70616401	88.24528499	280.95242399999995
7	20 112 15 59 18	124.849		70.0 392.0 52.5 206.5 63.0	72.38105329	24.1085963	83.51035041	280.952424
7	20 114 14 54 9	125.081		70.0 399.0 49.0 189.0 31.5	35.56734521	12.26021338	132.17244142	280.952424
7	20 114 14 54 11	125.081		70.0 399.0 49.0 189.0 38.5	44.88753332	15.74936486	119.36310182	280.952424
7	20 114 14 54 13	125.081		70.0 399.0 49.0 189.0 45.5	51.74949051	18.4495057	109.80100378	280.95242399999995
7	20 114 14 54 15	125.081		70.0 399.0 49.0 189.0 52.5	57.17748667	20.68268471	102.13982863	280.952424
7	20 114 14 54 17	125.081		70.0 399.0 49.0 189.0 59.5	61.64588984	22.59644967	95.75766049	280.95242399999995
